158 198
258 310
352 383
431 481
529 570
625 670
708 739
764 806
858 900
935 962
1024 1072
1099 1124
1154 1206
1249 1291
1349 1401
1447 1487
1533 1583
1630 1677
1702 1734
1759 1806
1848 1888
1910 1946
1988 2040
2079 2137
2173 2223
2252 2304
2352 2397
2439 2491
2504 2549
2597 2631
2679 2725
2736 2783
2831 2865
2911 2960
3002 3035
3089 3142
3177 3223
3254 3277
3318 3383
3408 3458
3497 3518
3554 3615
3640 3698
3736 3777
3806 3863
3915 3975
4023 4071
4115 4156
4196 4258
4308 4348
4377 4391
4418 4464
4497 4520
4552 4602
4649 4700
4742 4794
4844 4906
4946 5008
5056 5100
5135 5181
5229 5271
5314 5362
5412 5454
5497 5552
5576 5626
5668 5720
5770 5813
5867 5935
5965 6013
6056 6100
6131 6181
6227 6281
6304 6346
6360 6418
6450 6487
6516 6566
6599 6633
6681 6728
6776 6818
6856 6898
6938 7004
7046 7098
7123 7175
7214 7244
7285 7327
7381 7431
7483 7531
7583 7647
7729 7809
7888 7967
8060 8144