256 306
379 456
529 593
670 723
812 897
964 1029
1101 1170
1251 1318
1401 1481
1535 1614
1672 1741
1815 1915
1998 2060
2133 2202
2291 2370
2441 2495
2579 2645
2726 2788
2842 2925
2998 3067
3131 3192
3260 3329
3395 3470
3525 3585
3652 3729
3787 3859
3954 4027
4102 4166
4231 4302
4356 4423
4489 4554
4622 4681
4743 4812
4867 4946
5006 5069
5131 5194
5254 5331
5381 5470
5531 5597
5656 5728
5795 5846
5910 5983
6040 6092
6154 6227
6294 6337
6425 6491
6570 6643
6704 6758
6814 6888
6948 7008
7062 7127
7187 7241
7302 7371
7443 7495
7554 7620
7666 7729
7778 7827
7867 7915
7977 8035
8085 8141
8196 8277
8329 8391
8452 8508
8576 8639
8714 8776
8843 8898
8967 9027
9090 9137
9216 9275
9318 9383
9437 9497
9554 9616
9676 9737
9791 9851
9904 9967