154 196
256 312
348 404
452 487
518 558
589 643
689 727
750 789
822 879
924 962
1004 1049
1085 1118
1176 1228
1268 1310
1345 1395
1431 1495
1541 1585
1622 1668
1692 1740
1779 1829
1873 1913
1942 1975
2027 2065
2106 2125
2171 2219
2258 2294
2316 2371
2422 2477
2525 2558
2589 2635
2668 2728
2776 2816
2836 2892
2938 2996
3038 3085
3121 3169
3221 3271
3318 3368
3400 3452
3499 3543
3583 3635
3674 3706
3762 3800
3844 3896
3944 3987
4025 4065
4090 4156
4198 4248
4296 4339
4371 4433
4464 4514
4562 4602
4641 4720
4755 4805
4840 4875
4915 4965
5004 5052
5100 5146
5177 5219
5273 5325
5371 5420
5462 5504
5560 5622
5670 5718
5747 5796
5825 5875
5925 5967
6015 6075
6154 6239
6323 6406