162 235
293 337
402 460
518 577
639 687
743 804
841 893
966 1024
1076 1139
1197 1262
1320 1368
1424 1472
1533 1585
1651 1712
1774 1827
1893 1952
2008 2060
2114 2171
2241 2312
2370 2431
2497 2558
2641 2697
2760 2814
2879 2920
2985 3051
3105 3158
3220 3280
3355 3416
3470 3535
3594 3653
3711 3761
3823 3876
3928 3992
4040 4096
4152 4198
4265 4323
4371 4427
4498 4557
4611 4681
4746 4790
4842 4900
4950 5017
5079 5141
5200 5254
5314 5366
5414 5452
5489 5525
5566 5589
5645 5697
5737 5774
5820 5872
5916 5968
6010 6029
6079 6099
6166 6220
6272 6312
6364 6403
6449 6497
6555 6586
6631 6656
6704 6750
6796 6844
6894 6935
6983 7027
7065 7112
7154 7206
7248 7290
7339 7381
7421 7454
7500 7546
7589 7627
7686 7734
7769 7809
7863 7896
7944 7982
8032 8075
8125 8142
8186 8234
8285 8325
8373 8427
8473 8523
8563 8608
8677 8729
8781 8819
8867 8916
8967 9014
9054 9096
9139 9164
9216 9259
9286 9340
9379 9413
9465 9502
9540 9561
9608 9652
9696 9735
9767 9802
9852 9881
9923 9950
9996 10048
10090 10144
10173 10217
10275 10314
10362 10408
10454 10485
10523 10554
10612 10631
10685 10729
10781 10823
10867 10911
10961 11013
11057 11098
11138 11180
11227 11254
11290 11323
11390 11434
11479 11527
11571 11623
11665 11692
11738 11767
11811 11848
11898 11950
11990 12023
12069 12115
12165 12206
12250 12285
12329 12366
12408 12460
12507 12555
12597 12635
12672 12703
12759 12791
12837 12870
12911 12966
13022 13057
13099 13132
13180 13230
13266 13312
13358 13406
13452 13493
13531 13566
13612 13649
13727 13779 
13833 13901
13951 13999
14058 14122
14195 14254
14306 14379
14429 14474
14518 14574
14622 14658
14702 14747
14791 14822
14860 14893
14945 14968
15012 15056
15101 15130
15189 15243
15287 15341
15383 15408
15451 15485
15532 15572
15612 15662
15707 15745
15783 15822
15860 15897
15937 15993
16039 16091
16141 16176
16212 16247
16285 16351
16408 16456
16503 16551
16603 16643
16697 16745
16799 16828
16893 16935
16979 17029
17081 17118
17168 17204
17254 17326
17412 17489
17581 17651
17724 17812
17893