235 306
368 431
493 562
620 689
739 799
860 925
975 1043
1102 1158
1214 1266
1322 1385
1449 1510
1572 1633
1699 1752
1815 1883
1942 2006
2077 2138
2194 2263
2333 2400
2462 2519
2583 2648
2708 2769
2839 2896
2944 3023
3087 3154
3210 3264
3339 3395
3451 3526
3578 3643
3703 3762
3822 3889
3951 4016
4076 4140
4188 4253
4315 4386
4442 4495
4551 4619
4663 4730
4803 4869
4936 4997
5057 5137
5205 5262
5326 5393
5453 5516
5582 5653
5709 5774
5843 5911
5982 6045
6107 6171
6234 6301
6363 6438
6486 6561
6621 6684
6742 6808
6867 6929
6990 7060
7135 7194
7252 7319
7362 7423
7481 7569
7623 7687
7739 7823
7879 7933
7998 8062
8119 8198
8260 8327
8375 8437
8494 8562
8633 8696
8762 8825
8879 8937
8998 9064
9135 9187
9250 9310
9368 9422
9477 9527
9591 9654
9718 9778
9835 9890
9965 10029
10096 10146
10204 10269
10336 10392
10444 10527
10592 10650
10710 10762
10815 10892
10948 11035
11096 11160
11221 11279
11331 11404
11452 11530
11615 11693
11761 11845
11944 12019
12115 12215
12305 12388
12473 12536
12611 12688
12763 12850
12929 12986
13064 13131
13212 13279
13345 13395
13481 13541
13604 13673
13764 13818
13904 13976
14033 14089
14156 14233
14304 14380
14443 14505
14582 14662
14731 14787
14839 14902