153 197
244 282
315 357
381 449
491 544
584 618
658 705
733 783
828 879
915 954
1021 1089
1158 1221
1325 1373
1400 1439
1487 1565
1616 1662
1678 1726
1771 1826
1895 1971
2026 2094
2163 2226
2284 2324
2373 2450
2525 2575
2663 2728
2794 2857
2926 2968
2996 3037
3090 3132
3169 3214
3239 3285
3310 3377
3410 3458
3500 3537
3565 3618
3669 3708
3742 3798
3844 3889
3918 3948
3986 4028
4066 4095
4163 4239
4305 4354
4373 4429
4468 4505
4536 4573
4613 4655
4694 4749
4758 4815
4857 4897
4944 4986
5034 5079
5121 5162
5195 5234
5263 5308
5350 5410
5447 5492
5545 5587
5641 5687
5744 5823
5880 5950
6017 6085
6159 6225
6296 6354
6404 6475
6517 6574
6606 6661
6698 6743
6767 6817
6863 6924
6937 7005
7046 7104
7156 7194
7235 7285
7302 7369
7423 7485
7549 7632
7691 7765
7851 7935
8051 8125