183 258
316 375
456 504
556 608
677 731
777 845
940 1002
1085 1149
1187 1212
1239 1279
1324 1376
1435 1510
1597 1662
1722 1780
1850 1900
1950 2000
2050 2135
2220 2275
2337 2381
2449 2552
2600 2650
2700 2750
2800 2850
2890 2976
3022 3081
3101 3143
3191 3226
3300 3350
3400 3450
3500 3550
3600 3650
3700 3800
3883 3929
3981 4020
4045 4105
4203 4315
4350 4400
4450 4500
4550 4650
4747 4834
4899 4947
4997 5043
5091 5141
5193 5251
5321 5399
5482 5580
5650 5700
5750 5850
5950 6032 
6109 6160
6215 6315
6411 6488
6550 6600
6650 6700
6750 6800
6835 6925 
6973 7029
7085 7139
7185 7212
7275 7319
7377 7439
7500 7550
7600 7650
7700 7750
7800 7825
7875 7900
7977 8058
8145 8227
8289 8372
8439 8487
8564 8643
8700 8750
8800 8850
8900 8950
8979 9062
9131 9195
9268 9341
9410 9468
9533 9600
9650 9700
9750 9800
9850 9931
10005 10044
10117 10200
10250 10300
10384 10454
10490 10552
10592 10631
10706 10777
10833 10879
10921 11033
11096 11150
11223 11314
11350 11400
11450 11500
11541 11612
11693 11748
11794 11842
11894 11942
12000 12050
12119 12185
12262 12337
12396 12443
12494 12566
12643 12698
12756 12797
12847 12893
12941 13002
13070 13145
13226 13297
13350 13400
13450 13500
13557 13622
13674 13713
13761 13805
13847 13899
13936 13990
14030 14055
14107 14144
14173 14207
14246 14288
14334 14378
14421 14452
14502 14546
14584 14619
14665 14702
14752 14790
14825 14882
14933 14988