167 219
289 319
354 404
433 464
506 530
570 616 
652 685 
725 748 
791 820 
860 881 
924 947
997 1029 
1070 1099 
1141 1177 
1216 1229
1291 1329 
1374 1406 
1435 1466 
1508 1547 
1578 1618 
1651 1714 
1767 1812
1842 1881
1919 1944
2021 2062
2104 2141
2185 2212
2262 2290
2331 2381
2425 2452
2494 2519
2575 2621
2666 2698
2758 2800
2819 2864
2916 2956
2985 3006
3060 3098
3150 3185
3214 3270
3320 3354
3375 3437
3481 3510
3566 3610
3631 3697
3745 3787
3822 3858
3903 3933
3980 4000
4041 4089
4133 4182
4224 4272
4337 4380
4426 4459
4482 4522
4568 4599
4655 4697
4741 4766
4828 4870
4911 4941
4972 5013
5072 5126
5170 5217
5263 5288
5347 5363
5411 5442
5502 5531
5582 5625
5677 5725
5761 5802
5861 5892
5936 5986
6033 6073
6121 6144
6196 6242
6285 6327
6375 6408
6469 6483
6530 6554
6625 6675
6719 6764
6816 6852
6910 6941
6983 7014
7068 7104
7154 7209
7251 7288
7324 7369
7397 7438
7484 7547
7580 7630
7676 7738
7774 7811
7857 7898
7953 7980
8028 8080
8119 8167
8215 8242
8300 8344
8388 8429
8490 8544
8582 8631
8677 8723
8759 8800
8838 8884
8923 8965
9011 9057
9103 9146
9184 9215
9263 9290
9352 9400
9450 9490
9542 9581
9598 9636
9681 9734
9779 9829
9885 9929
9975 10010
10038 10077
10123 10140
10200 10238
10283 10321
10367 10400
10452 10496
10543 10579
10633 10656
10714 10766
10804 10843
10895 10939
10975 11020
11054 11095
11143 11189
11235 11273
11318 11373
11450 11523
11593 11668
11747 11827
11916 12014