340 412
499 565
629 705
770 834
895 967
1039 1094
1150 1211
1265 1352
1420 1480
1537 1609
1662 1718
1793 1850
1922 1965
2089 2157
2214 2257
2329 2393
2449 2508
2558 2610
2691 2751
2807 2872
2931 2990
3063 3125
3174 3222
3283 3343
3394 3446
3503 3571
3628 3686
3753 3817
3903 3982
4038 4080
4132 4229
4300 4373
4442 4511
4589 4666
4739 4826
4891 4951
5011 5072
5139 5193
5251 5288
5340 5397
5455 5518
5580 5636
5690 5747
5805 5874
5938 5997
6051 6099
6165 6236
6311 6363
6421 6494
6561 6619
6692 6753
6838 6905
6980 7044
7130 7207
7298 7382
7434 7528
7599 7678
7741 7824
7878 7943
8005 8095
8186 8211
8282 8344
8405 8469
8540 8594
8656 8723
8783 8860
8933 8995
9064 9137
9220 9277
9339 9383
9476 9554
9620 9672
9751 9817
9894 9973
10039 10104
10191 10287
10354 10425
10489 10547
10614 10704
10789 10852
10927 11018
11104 11201
11281 11381
11458 11499
11637 11689
11758 11849
11914 12116
12182 12247
12303 12382
12451 12509
12673 12748
12815 12880
12957 13029
13077 13159
13248 13336
13438 13544
13610 13664
13797 13903
13986 14065
14157 14232
14313 14419
14513 14607
14738 14830
14915 15025
15121 15234
15327 15410
15503 15587
15691 15778
15860 15958
16026 16101
16195 16322
16405 16489
16612 16709
16791 16863
16947 17084
17185 17256
17337 17370
17524 17618
17693 17800
17850 17890