183 239
287 356
410 470
521 570
625 685
733 781
843 897
947 1010
1066 1116
1170 1233
1278 1328
1389 1456
1495 1555
1618 1670
1712 1782
1825 1875
1940 1983
2023 2094
2154 2212
2264 2329
2406 2483
2533 2595
2649 2724
2780 2858
2913 2975
3027 3092
3139 3194
3260 3314
3360 3412
3473 3545
3597 3666
3735 3812
3883 3938
4008 4092
4154 4221
4283 4364
4431 4497
4550 4626
4689 4741
4820 4892
4952 5027
5092 5152
5216 5281
5345 5414
5475 5527
5599 5672
5741 5795
5853 5921
5985 6037
6102 6166
6225 6273
6350 6406
6479 6541
6597 6645
6714 6785
6841 6913
6983 7064
7115 7198
7243 7331
7389 7460
7510 7564
7639 7691
7766 7822
7895 7962
8033 8094
8162 8216
8279 8348
8408 8487
8537 8608
8691 8758
8826 8910
8975 9033
9106 9175
9243 9312
9379 9450
9506 9568
9622 9691
9751 9814
9874 9930
9971 10031
10090 10152
10204 10254
10300 10371
10433 10491
10554 10620
10674 10741
10789 10847
10892 10956
11023 11089
11139 11185
11239 11283
11346 11416
11470 11533
11585 11633
11685 11743
11797 11848
11892 11936
11979 12040
12104 12150
12200 12244
12304 12364
12402 12437
12473 12527
12589 12637
12695 12745
12806 12857
12913 12977
13029 13092
13142 13206
13256 13314
13358 13410
13448 13504
13556 13602
13666 13731
13785 13834
13902 13956
14004 14056
14117 14187
14243 14298
14343 14406
14470 14529
14574 14620
14679 14741
14806 14864
14921 14975
15035 15119
15169 15221
15291 15345
15385 15443
15502 15556
15618 15685
15729 15803
15866 15920
15971 16029
16087 16142
16204 16268
16314 16377
16435 16481
16552 16631
16697 16774
16843 16934
17000 17050