227 298
368 443
491 554
614 698
723 783
843 918
985 1035
1102 1181
1212 1274
1333 1401
1499 1581
1653 1714
1803 1880
1911 1961
2028 2084
2149 2232
2315 2401
2430 2488
2542 2580
2640 2678
2715 2795
2826 2876
2915 2965
3009 3035
3098 3176
3204 3252
3287 3333
3372 3404
3433 3506
3541 3585
3616 3677
3728 3772
3814 3853
3889 3916
3955 4028
4058 4110
4151 4201
4249 4301
4347 4395
4439 4489
4528 4561
4601 4674
4707 4758
4796 4856
4898 4948
4981 5012
5054 5131
5164 5216
5268 5356
5437 5527
5566 5626
5679 5735
5783 5843
5918 6010
6115 6171
6221 6325
6406 6504
6600 6654
6719 6785
6832 6886
6944 7057
7159 7215
7275 7356
7398 7483
7513 7556
7598 7644
7687 7721
7767 7831
7894 7931
7971 8077
8140 8217
8264 8314
8364 8408
8444 8483
8521 8591
8644 8685
8727 8795
8862 8923
8979 9054
9158 9202
9247 9307
9351 9411
9465 9521
9567 9601
9692 9751
9805 9865
9898 9942
9988 10059
10111 10168
10226 10257
10311 10393
10472 10543
10622 10661
10717 10774
10865 10944
11011 11092
11144 11194
11319 11394
11471 11544
11621 11687
11773 11852
11939 11973
12031 12093
12196 12264
12346 12402