271 356
418 500
568 637
712 787
864 925
991 1066
1141 1204
1268 1345
1426 1491
1551 1626
1743 1803
1868 1928
2039 2118
2184 2251
2316 2403
2470 2538
2595 2680
2738 2799
2882 2970
3049 3136
3205 3290
3367 3469
3553 3626
3719 3798
3880 3948
4015 4144
4211 4263
4338 4411
4498 4577
4648 4740
4804 4885
4994 5090
5161 5233
5313 5383
5463 5540
5621 5716
5792 5869
5981 6098
6195 6277
6352 6408
6466 6522
6581 6668
6724 6795
6854 6920
6980 7049
7089 7160
7226 7291
7354 7418
7485 7539
7601 7658
7716 7778
7835 7893
7974 8041
8086 8142
8211 8281
8340 8440
8525 8583
8658 8727
8794 8869
8946 9010
9083 9158
9216 9297
9352 9402
9449 9493
9537 9579
9612 9651
9679 9710
9745 9812
9876 9935
9989 10041
10093 10137
10183 10216
10253 10353
10426 10497
10560 10647
10732 10785
10855 10939
11018 11093