189 250
358 423
473 546
629 702
804 904
972 1043
1070 1135
1187 1262
1341 1410
1481 1547
1612 1656
1731 1789
1843 1922
2076 2133
2226 2245
2316 2395
2451 2516
2595 2657
2724 2787
2868 2945
3013 3078
3163 3245
3274 3361
3505 3571
3655 3696
3765 3844
3913 3978 *
4071 4113 *
4184 4254
4309 4382
4446 4525
4654 4713
4787 4827
4875 4946
5002 5067
5131 5198
5264 5337
5398 5468
5543 5595
5652 5735
5887 5956
6039 6075
6135 6204
6274 6342
6417 6488
6553 6619
6682 6747
6819 6874
6934 7013
7111 7190
7255 7342
7365 7442
7500 7565
7626 7695
7762 7826
7893 7954
8012 8072
8128 8183
8235 8330
8445 8534
8599 8674
8703 8770
8828 8889
8958 9023
9098 9173
9243 9310
9396 9479
9560 9623
9668 9733
9849 9899
9951 9977
10026 10076
10118 10170
10216 10257
10297 10343
10382 10405
10439 10507
10603 10641
10715 10738
10788 10836
10878 10930
10976 11022
11069 11115
11165 11203
11236 11265
11305 11374
11469 11524
11565 11626
11653 11725
11771 11817
11864 11912
11960 12010
12048 12083
12123 12193
12325 12377
12460 12485
12537 12577
12618 12675
12725 12772
12820 12866
12922 12966
13004 13071
13150 13186
13230 13296
13328 13392
13434 13486
13529 13580
13629 13681
13727 13798
13852 13933
14054 14123
14181 14281
14304 14377
14423 14485
14531 14581
14631 14689
14748 14827
14877 14929
15006 15081
15162 15228
15303 15370
15443 15505
15576 15639