233 281
344 423
496 581
647 752
827 879
941 1031
1102 1174
1229 1285
1331 1378
1460 1535
1589 1644
1698 1765
1819 1857
1905 1990
2019 2084
2130 2177
2223 2275
2336 2390
2444 2502
2550 2629
2669 2715
2763 2846
2927 2981
3028 3081
3130 3178
3258 3332
3395 3455
3507 3574
3634 3682
3734 3755
3807 3861
3911 3959
4003 4049
4082 4134
4186 4232
4282 4334
4400 4450
4508 4540
4621 4646
4715 4777 *
4819 4865
4917 4960
5017 5066
5114 5164
5212 5262
5321 5400
5464 5523
5595 5660
5720 5764
5827 5899
5945 6001
6047 6097
6137 6193
6255 6307
6368 6430
6515 6582
6651 6707
6782 6817
6886 6934
6988 7052
7121 7212
7272 7352
7423 7552
7629 7719
7762 7864
7946 8010
8077 8147
8200 8258
8329 8420
8500 8575
8683 8760
8827 8883
8954 9055
9114 9181
9245 9301
9360 9437
9524 9605
9674 9776
9845 9929
9993 10083
10156 10228
10295 10364
10431 10499 
10560 10628
10722 10803