223 239
312 396
495 548
648 725
777 847
902 960
1054 1145
1212 1289
1354 1401
1456 1531
1649 1730
1851 1916
1982 2047
2110 2178
2261 2357
2432 2501
2559 2620
2684 2755
2876 2947
3034 3109
3132 3201
3286 3351
3421 3502
3579 3640
3707 3771
3834 3921
4025 4071
4136 4275
4300 4358
4408 4471
4537 4623
4696 4760
4835 4899
4968 5032
5107 5205
5343 5397
5461 5586
5613 5670
5730 5793
5867 5938
6011 6088
6147 6211
6296 6384
6500 6548
6619 6694
6846 6909
6982 7065
7127 7198
7277 7341
7416 7516
7656 7697
7766 7910
7937 8008
8060 8126
8212 8303
8381 8460
8530 8582
8643 8718
8837 8906
8997 9083
9116 9170
9235 9303
9374 9443
9516 9581
9647 9708
9776 9857
9995 10059
10155 10226
10259 10317
10403 10465
10536 10611
10676 10744
10805 10867
10955 11028
11082 11140
11234 11259
11322 11366
11409 11464
11509 11557
11605 11655
11715 11772
11822 11888
11955 12009
12084 12103
12151 12205
12240 12288
12355 12405
12451 12511
12571 12634
12707 12764
12847 12866
12923 12979
13014 13062
13129 13181
13233 13285
13347 13416
13479 13535
13604 13714
13768 13837
13893 13937
13987 14047
14093 14139
14191 14245
14311 14389
14449 14501
14564 14601
14670 14724
14795 14857
14934 15020
15100 15150