204 283
352 416
489 539
589 675
706 756
810 893
968 1039
1101 1139
1195 1285
1320 1372
1420 1501
1581 1660
1728 1816
1912 2008
2060 2122
2180 2257
2332 2412
2491 2562
2616 2659
2707 2747
2789 2820
2859 2945
2974 3027
3069 3118
3156 3216
3262 3310
3350 3393
3437 3464
3496 3583
3616 3666
3689 3739
3781 3833
3883 3937
3979 4033
4074 4089
4131 4220
4245 4303
4339 4385
4431 4487
4539 4591
4633 4686
4719 4754
4785 4873
4904 4958
4989 5048
5089 5139
5192 5237
5291 5352
5400 5439
5479 5569
5596 5656
5712 5783
5856 5935
6014 6099
6172 6251