154 212
289 356
420 487
566 639
710 766
860 939
1006 1077
1158 1239
1297 1376
1449 1526
1599 1660
1733 1811
1888 1954
2023 2096
2175 2239
2291 2339
2364 2414
2454 2493
2541 2591
2641 2698
2725 2771
2812 2862
2898 2950
2987 3023
3077 3119
3169 3212
3252 3300
3342 3389
3435 3504
3548 3585
3639 3677
3723 3768
3829 3885
3948 3991
4027 4070
4102 4141
4185 4239
4312 4366
4424 4466
4504 4539
4598 4673
4723 4762
4818 4841
4885 4931
4977 5041
5120 5185
5264 5341
5414 5489
5535 5602
5701 5776
5845 5945
6030 6101
6155 6236
6313 6465
6548 6628
6707 6775
6848 6919
6994 7066
7195 7286
7366 7447
7513 7614
7684 7801
7868 7938
7992 8065
8109 8141
8196 8260
8337 8408
8481 8510
8566 8600
8652 8700
8722 8787
8849 8905
8982 9043
9099 9134
9195 9247
9315 9386
9440 9480
9517 9573
9624 9701
9813 9871
9936 9969
10032 10097
10172 10262
10343 10431
10514 10587
10643 10726
10841 10920
10991 11057
11126 11208
11270 11320
11364 11397
11445 11535
11608 11726
11783 11828
11895 12010
12104 12156
12214 12279
12351 12424
12495 12566
12626 12695
12758 12849
12964