166 239
323 456
570 677
764 843
956 991
1022 1051
1139 1287
1420 1578
1689 1799
1901 2032
2107 2150
2232 2344
2432 2521
2609 2708
2750 2821
2919 2998
3061 3135
3194 3262
3346 3452
3514 3547
3611 3731
3811 3890 
3954 4011
4087 4113
4156 4231
4308 4414
4506 4623
4710 4833
4896 4971
5033 5112
5210 5270
5356 5422
5499 5574
5651 5716
5772 5812
5881 5935 
5995 6031 *
6103 6164
6257 6337
6382 6434
6493 6554
6604 6637
6741 6828
6901 6953
7020 7062
7101 7155
7191 7239
7272 7351
7416 7464
7519 7577
7629 7650
7700 7719
7764 7808
7856 7904
7960 7995
8037 8097
8185 8256
8316 8385
8456 8490
8539 8633
8696 8741
8791 8827
8869 8908
8975 9035
9079 9147
9212 9272
9322 9372
9418 9479
9504 9610
9649 9681
9735 9789
9831 9870
9932 9968
10007 10062
10122 10155
10195 10243
10314 10363
10436 10461
10515 10613
10699 10801
10894 11001