252 316
389 558
633 689
733 785
850 927
987 1037
1093 1276
1354 1420
1493 1568
1618 1676
1720 1864
1950 2008
2075 2129
2200 2279
2342 2408
2587 2658
2742 2790
2850 2892
2956 3133
3204 3268
3364 3430
3485 3612
3662 3714
3764 3814
3866 3966
4012 4064
4097 4170 *
4203 4251 *
4289 4318 *
4351 4488
4567 4643
4717 4830
4902 4989 *
5087 5133 *
5172 5223
5279 5337
5374 5402
5439 5604
5654 5727
5810 5874
5936 5999
6070 6136
6193 6243
6309 6361
6399 6432
6484 6647
6703 6759
6838 6924
6986 7181 *
7241 7304 *
7408 7514 *
7581 7633
7720 7795
7874 7920
7980 8136 *
8193 8251 *
8345 8486 *
8561 8644
8717 8786
8863 9021 *
9071 9134 *
9225 9342 *
9415 9477 *
9581 9698
9819 9916