312 377 
441 527 
585 679 
747 831 
897 958 
1016 1093 
1166 1268 
1335 1406 
1462 1524 
1574 1647 
1730 1819 
1888 1944 
2013 2073 
2148 2254 
2339 2404 
2495 2549 
2627 2697 
2806 2894 
2973 3023 
3065 3123 
3225 3300 
3364 3414 
3450 3497 
3560 3641 
3768 3874 
3935 4017 
4077 4139 
4217 4296 
4364 4420 
4489 4549 
4647 4729 
4810 4881 
4933 4965 
5035 5139 
5217 5279 
5325 5397 
5485 5550 
5614 5685 
5751 5786 
5829 5906 
6002 6071 
6179 6244 
6306 6364 
6433 6543 
6626 6676 
6720 6801 
6859 6950 
7013 7044 
7115 7185 
7262 7358 
7410 7473 
7550 7676 
7797 7876 
7928 8010 
8104 8192 
8264 8325 
8408 8475 
8545 8643 
8755 8857 
8919 8992 
9065 9150 
9206 9294 
9395 9460 
9506 9579 
9660 9743 
9824 9888 
9985 10060 
10133 10185 
10244 10304 
10339 10385 
10458 10545 
10597 10627 
10694 10731 
10779 10840 
10898 10936 
10967 11006 
11060 11117 
11181 11260 
11298 11329 
11352 11393 
11441 11491 
11549 11614 
11660 11699 
11725 11786 
11842 11898 
11956 11979 
12010 12054 
12100 12152 
12212 12252 
12320 12370 
12418 12468 
12543 12572 
12616 12662 
12706 12756 
12812 12853 
12913 12942 
12988 13050 
13131 13191 
13304 13356 
13410 13479 
13522 13596 
13650 13695 
13744 13796 
13869 13923 
13979 14004 
14062 14114 
14183 14229 
14281 14341 
14393 14468 
14554 14593 
14660 14737 
14820 14882 
14949 15038 
15093 15162 
15232 15286 
15335 15390 
15471 15491 
15540 15578 
15630 15688 
15742 15800 
15838 15893 
15950 16014 
16098 16167 
16245 16288 
16331 16369 
16438 16502 
16562 16602 
16634 16692 
16752 16804 
16865 16934 
16980 17024 
17084 17136 
17197 17226 
17304 17425 
17514 17604 
17656 17699 
17742 17810 
17832 17881 
17921 17945 
17991 18054 
18112 18161 
18219 18251 
18297 18337 
18401 18487 
18585 18634 
18686 18725 
18775 18798 
18846 18919 
18971 19017 
19067 19125 
19181 19206 
19252 19325 
19398 19454 
19543 19570 
19620 19710 
19744 19773 
19848 19923 
20003 20047 
20102 20154 
20203 20278 
20330 20364 
20434 20500 
20549 20572 
20621 20708 
20763 20841 
20930 20976 
21025 21077 
21147 21173 
21236 21311 
21363 21415 
21473 21510 
21542 21603 
21666 21718 
21780 21844 
21910 21959 
22034 22103 
22184 22265 
22372 22441 
22507 22606 
22689