204 244
283 337
400 450
495 535
595 645
687 723
748 785
841 906
962 1020
1089 1160
1233 1301
1362 1433
1489 1570
1641 1707
1755 1830
1895 1965
2024 2088
2128 2171 *
2209 2255 *
2280 2323 *
2338 2378 *
2401 2613 *
2657 2700 *
2738 2771
2796 2821
2873 2903
2965 3021
3075 3132
3175 3223
3269 3313
3361 3434
3504 3617
3692 3754
3811 3890
3929 3986
4052 4124
4183 4251
4335 4428
4499 4587
4635 4678
4755 4797
4841 4909
5024 5099
5170 5237
5328 5374
5432 5507
5541 5584
5624 5674
5740 5795
5863 5917
5984 6013
6053 6099
6161 6211
6267 6342
6384 6434
6507 6576
6641 6703
6824 6926
7000 7050
7100 7150
7200 7250
7332 7413
7509 7594
7692 7750
7800 7850
7900 7950
8000 8050