216 319 
369 431 
506 579 
657 715 
784 840 
917 980 
1051 1126 
1208 1312 
1391 1468 
1520 1564 
1632 1701 
1778 1851 
1949 2037 
2092 2148 
2223 2281 
2383 2452 
2500 2568 
2616 2676 
2758 2837 
2934 3035 
3098 3154 
3210 3260 
3318 3402 
3491 3550 
3606 3720 
3803 3853 
3895 3954 
4010 4094 
4179 4277 
4345 4416 
4508 4568 
4624 4670 
4739 4803 
4897 4954 
5046 5125 
5191 5250 
5314 5397 
5477 5597 
5687 5758 
5828 5899 
5945 6009 
6076 6124 
6174 6232 
6288 6334 
6396 6440 
6509 6563 
6630 6652 
6702 6729 
6781 6833 
6908 6975 
7038 7060 
7137 7191 
7260 7289 
7335 7377 
7456 7506 
7554 7620 
7672 7708 
7743 7791 
7845 7899 
7937 8002 
8058 8081 
8135 8169 
8229 8281 
8345 8414 
8437 8489 
8539 8585 
8658 8708 
8762 8818 
8853 8918 
8972 9025 
9096 9135 
9187 9217 
9269 9302 
9362 9408 
9454 9510 
9541 9583 
9629 9656 
9710 9753 
9814 9864 
9880 9928 
10004 10064 
10139 10177 
10221 10271 
10333 10387 
10441 10472 
10541 10614 
10631 10693 
10731 10781 
10849 10866 
10899 10941 
10988 11050 
11085 11152 
11204 11264 
11308 11335 
11377 11433 
11495 11531 
11604 11658 
11718 11801 
11874 11899 
11953 12004 
12048 12102 
12152 12173 
12210 12262 
12316 12360 
12416 12439 
12475 12506 
12531 12581 
12639 12695 
12743 12770 
12839 12899 
12962 13019 
13089 13115 
13167 13212 
13268 13320 
13366 13448 
13497 13564 
13663 13701 
13762 13818 
13873 13923 
13973 14035 
14129 14189 
14237 14318 
14439 14472 
14527 14599 
14678 14764 
14868 14973 
15038 15127 
15214 15283