353 438
538 608
658 715
785 858
919 973
1019 1046
1119 1169
1231 1285
1343 1385
1420 1493
1554 1643
1716 1793
1870 1908
1981 2027
2112 2251
2354 2439
2508 2574
2658 2732
2793 2828
2889 2947
3012 3070
3143 3209
3236 3297
3359 3420
3493 3543
3596 3619
3673 3746
3804 3854
3911 3950
3977 4058
4127 4189
4242 4300
4350 4408
4458 4508
4531 4585
4635 4697
4754 4812
4874 4931
4951 5039
5120 5189
5255 5328
5389 5450
5508 5588
5699 5760
5871 5949
5996 6080
6124 6211
6336 6410
6514 6639
6706 6797
6851 6912
6999 7077
7134 7178
7222 7265
7286 