256 333
446 535
614 672
748 808
858 916
954 987
1043 1152
1226 1291
1358 1424
1522 1580
1620 1649
1730 1793
1866 1943
2016 2074
2133 2178
2212 2245
2281 2341
2403 2476
2549 2608
2676 2749
2834 2880
2920 2955
3068 3143
3204 3274
3345 3420
3510 3581
3622 3658
3685 3735
3782 3832
3880 3922
3993 4041
4085 4125
4160 4202
4266 4346
4410 4470
4529 4598
4643 4685
4714 4750
4789 4835 *
4870 4916 *
4947 5016 *
5060 5104 *
5124 5168
5208 5247
5266 5303
5360 5416
5487 5548
5617 5694
5767 5842 *
5898 5950 *
6000 6050 *
6100 6150 *
6200 6250 *
6300 6350 *
6400 6450 *
6512 6579 *
6649 6724
6801 6874
6950 7000
7050 7100
7150 7200
7250 7300
7350 7400
7450 7500
7550 7600
7650 7700
7750 7800
7850 7900
7950 8000
8050 8100
8150 8200
8250 8327
8429 8517
8600 8650
8700 8750
8800 8850
8900 8950
9000 9050