175 258
366 429
556 654
770 904
1014 1070
1139 1201
1283 1374
1451 1558
1653 1772
1794 1890
1973 2035
2114 2204
2343 2416
2462 2516
2593 2652
2724 2776
2860 2935
3048 3156
3289 3356
3445 3522
3635 3685
3778 3826
3879 3938
4033 4117
4227 4316
4346 4418
4489 4558
4593 4645
4689 4729
4784 4896
5038 5152
5244 5335
5447 5520
5574 5637
5699 5755
5803 5836
5938 6040
6166 6281
6308 6395
6468 6583
6660 6728
6791 6867
6952 7000
7050 7100
7150 7200
7275 7333
7379 7433
7545 7635
7728 7825
7904 7979 *
8067 8127 *
8179 8241 *
8310 8404
8514 8668
8756 8809
8896 8973
9006 9071
9158 9221
9269 9308
9402 9497
9583 9668
9741 9814
9887 9960
10042 10104