91 156
210 243
298 346
383 427
458 500
545 593
641 681
718 748
795 850
895 933
995 1039
1087 1126
1168 1191
1256 1312
1353 1399
1456 1501
1549 1599
1649 1689
1747 1793
1839 1870
1933 1990
2042 2077
2123 2166
2229 2273
2318 2358
2397 2420
2468 2514
2564 2612
2652 2691
2741 2791
2826 2857
2910 2958
3008 3038
3094 3142
3204 3246
3287 3310
3350 3395
3452 3485
3518 3570
3614 3662
3703 3745
3784 3833
3883 3917
3948 3994
4048 4096
4137 4167
4227 4277
4318 4346
4393 4433
4491 4529
4564 4610
4660 4714
4768 4806
4857 4900
4938 4969
5023 5069
5115 5158
5210 5250
5291 5333
5377 5423
5473 5518
5566 5606
5664 5716
5764 5808
5850 5900
5944 5992
6044 6094
6141 6192
6237 6283
6329 6370
6412 6462
6506 6533
6581 6626
6672 6726
6768 6812
6856 6888
6938 6983
7027 7067
7117 7162
7194 7240
7291 7337
7400 7425
7479 7518
7564 7599
7660 7701
7755 7803
7846 7873
7910 7935
7979 8023
8079 8115
8144 8198
8254 8289
8323 8373
8423 8470
8508 8541
8597 8647
8693 8743
8779 8819
8875 8915
8975 9015
9064 9102
9148 9200
9243 9293
9348 9370
9429 9477
9522 9558
9591 9624
9649 9701
9745 9780
9820 9864
9911 9958
9994 10025
10087 10127
10181 10229
10269 10310
10364 10408
10450 10489
10545 10595
10626 10681
10729 10780
10833 10866
10923 10967
11006 11052
11100 11146
11189 11235
11283 11325
11373 11416
11468 11506
11554 11601
11662 11718
11764 11810
11868 11907
11960 12004
12052 12098
12125 12175
12221 12277
12323 12379
12400 12450
12500 12550
12589 12687
12791 12883
12951 12985
13020