119 164
206 250
293 331
383 433
489 552
625 691
756 814
850 893
939 985
1031 1081
1137 1206
1285 1400
1450 1500
1550 1600
1650 1675
1751 1820
1880 1935
1981 2024
2082 2143
2195 2241
2297 2372
2459 2539
2655 2753
2800 2850
2900 2950
3063 3105
3138 3172
3290 3350
3400 3455
3517 3563
3605 3634
3661 3724
3800 3850
3875 3929
4009 4075
4119 4169
4219 4269
4319 4371
4425 4487
4562 4644
4723 4773
4827 4885
4900 4952
4998 5052
5102 5158
5231 5320
5379 5477
5546 5598
5635 5683
5725 5787
5821 5875
5948 6018
6050 6100
6150 6200
6250 6300
6379 6458
6533 6624
6700 6750
6856 6922
6941 6997
7045 7081
7139 7187
7228 7259
7292 7355
7393 7440
7472 7505
7561 7609
7655 7697
7719 7732
7782 7832
7869 7898
7936 7973
8021 8069
8111 8157
8194 8248
8290 8342
8398 8436
8486 8536
8594 8648
8686 8729
8769 8804
8857 8906
8960 9003
9053 9109
9141 9195
9239 9282
9324 9391
9463 9530
9600 9650
9755 9820
9890 9920
9970 10013
10057 10107
10144 10201
10247 10296
10415 10500
10550 10600
10650 10700
10725 10750
10823 10896
10971 11038
11088 11140
11175 11232
11300 11350
11400 11450
11500 11550
11600 11650
11671 11754
11823 11883
11913 11971
12008 12050
12081 12142
12202 12277
12348 12439
12500 12550
12663 12755
12822 12884
12988 13048
13117 13184
13253 13300
13350 13450
13528 13607
13621 13673
13723 13750
13790 13846
13898 14000
14123 14231
14281 14333
14371 14406
14452 14500
14548 14585
14612 14691
14750 14850
14927 15010
15079 15156
15206 15254
15300 15379
15427 15477
15529 15583
15595 15653
15701 15747
15795 15843
15872 15935
15980 16026
16074 16120
16200 16250
16300 16350
16400 16450
16501 16599
16665 16725
16825 16913
16986 17052
17128 17202
17273 17355
17400 17450
17500 17550
17600 17690
17761 17800
17850 17900