251 309
387 454
508 592
630 682 *
751 819 *
1031 1083 *
1284 1354 *
1423 1494
1546 1584
1636 1721
1773 1817
1877 1944
2015 2104
2162 2212
2283 2339
2406 2498
2517 2577
2631 2679
2735 2787
2848 2924
2953 3007
3062 3124
3284 3389
3459 3505
3572 3655
3741 3845
3899 3949
4020 4169
4213 4301
4324 4361
4398 4444
4492 4551
4582 4653
4682 4736
4786 4840
4894 4928
4980 5048
5105 5142
5204 5298
5346 5434
5461 5525
5579 5642
5738 5815
5865 5948
5977 6025
6071 6138
6173 6198
6248 6323
6356 6413
6465 6538
6610 6710
6767 6819
6873 6948
7031 7121
7187 7241
7310 7371
7425 7489
7554 7645
7697 7762
7833 7887
7972 8006
8062 8149
8212 8266
8322 8378
8449 8520
8599 8655
8712 8782
8855 8897
8955 9045
9076 9136
9199 9292
9359 9452
9471 9527
9575 9618
9691 9741
9791 9833
9875 9914
9964 10031
10081 10162
10187 10249
10297 10368
10447 10541
10576 10624
10674 10742
10819 10906
10960 11023
11108 11193
11260 11320
11383 11435
11485 11531
11597 11651
11702 11756
11804 11862
11928 12004
12058 12110
12151 12208
12272 12356
12399 12464
12514 12583
12666 12720
12784 12837
12886 12930
12978 13039
13064 13132
13180 13238
13303 13372
13403 13474
13555 13621
13698 13767
13830 13919
13961 14040
14073 14127
14171 14227
14288 14373
14417 14459
14519 14586
14640 14669
14711 14791
14843 14910
15020 15109
15174 15280
15366 15426
15488 15570
15651 15709
15786 15888
15957 16030
16138 16207
16255 16330
16398 16480
16569 16654
16750 16817
16907 17000
17063 17169
17240 17296
17381 17444
17513 17586
17670 17753
17811 17878
17949 18013
18072 18147
18213 18282
18359 18413
18478 18570
18605 18655
18719 18805
18828 18896
18951 19028
19092 19216
19320 19404
19464 19514
19562 19649
19726 19791
19885 19980
20070 20141
20200 20250
20300 20350