243 329
369 420
471 552
620 693
772 860
899 943
1001 1079
1162 1245
1316 1397
1476 1560
1601 1651
1718 1797
1872 1953
1999 2055
2109 2184
2217 2282
2344 2415
2500 2576
2648 2753
2840 2929
2963 3019
3077 3157
3233 3313
3361 3435
3469 3511
3550 3617
3667 3742
3767 3819
3854 3890
3929 3956
3990 4073
4106 4154
4194 4248
4291 4379
4400 4448
4508 4555
4611 4655
4694 4725
4767 4831
4888 4929
4971 5009
5042 5100
5142 5196
5256 5288
5335 5386
5444 5504
5556 5617
5654 5698
5733 5792
5841 5896
5968 6027
6098 6216
6260 6312
6375 6441
6520 6583
6658 6704
6762 6827
6903 6979
7035 7120
7158 7208
7270 7341
7418 7482
7559 7632
7707 7742
7795 7859
7930 8003
8063 8101
8153 8255
8349 8401
8459 8534
8607 8706
8819 8883
8936 9021
9100 9152
9208 9325
9427 9477
9546 9617
9660 9718
9766 9845
9904 9953
9985 10029
10074 10116
10145 10199
10272 10326
10370 10412
10462 10510
10553 10626
10674 10728
10776 10822
10866 10947
11003 11049
11101 11159
11236 11301
11370 11453
11568 11650
11700 11750