391 458
531 614
702 775
849 937
1019 1070
1149 1197
1308 1374
1439 1497
1570 1674
1770 1819
1911 1977
2045 2121
2224 2302
2367 2421
2507 2570
2625 2729
2804 2866
2945 3003
3089 3180
3235 3285
3383 3443
3512 3582
3641 3731
3813 3894
3996 4081
4146 4227
4285 4337
4439 4519
4600 4673
4758 4843
4935 5001
5069 5146
5251 5319
5386 5438
5505 5571
5629 5717
5792 5873
5963 6027
6089 6156
6220 6283
6358 6418
6470 6553
6641 6724
6814 6876
6955 7014
7082 7141
7226 7295
7361 7441 *
7517 7609 *
7688 7759
7842 7923
8006 8071
8156 8233
8302 8381
8477 8533
8594 8648
8744 8823
8901 8995
9074 9147
9230 9321
9386 9482
9555 9636
9734 9792
9853 9944
10019 10090
10148 10204
10289 10389
10464 10539
10618 10700
10768 10816
10862 10912
10962 11000
11052 11094
11169 11246
11304 11369
11444 11496
11565 11629
11704 11746
11789 11827
11885 11933
11979 12027
12067 12123
12214 12287
12356 12432
12510 12574
12637 12701
12766 12845
12903 12974
13053 13122
13203 13261
13340 13422
13503 13565
13640 13719
13813 13877 
13929 13975
14019 14069
14129 14175
14221 14279
14327 14383
14429 14502
14570 14635
14716 14791
14860 14912
14991 15060
15118 15174
15246 15319
15416 15498
15554 15623
15704 15766
15846 15908
15979 16054
16112 16175
16277 16341
16404 16476
16583 16656
16733 16814
16908 16997