269 335
427 531
571 616
698 756
820 897
974 1045
1093 1149
1241 1276
1328 1385
1470 1541
1616 1682
1753 1825
1897 1968
2027 2091
2127 2189
2272 2306
2364 2429
2489 2543
2612 2668
2753 2785
2841 2914
3016 3089
3149 3234
3309 3384
3459 3528
3592 3657
3692 3728
3815 3861
3901 3932
3974 4003
4030 4063
4138 4173
4211 4248
4315 4367
4415 4465
4513 4561
4604 4652
4704 4742
4825 4854
4904 4945
4987 5033
5062 5101 
5178 5212 
5268 5303 
5356 5405 
5451 5493 
5543 5595
5664 5699 
5747 5789 
5809 5862 
5924 5976 
6037 6134 
6213 6290 
6332 6394 
6454 6546 
6621 6690 
6781 6817 
6861 6931 
7004 7081 
7154 7233 
7296 7375 
7425 7491
7562 7647
7675 7733
7787 7877
7964 8028
8106 8145
8197 8245
8330 8403
8462 8514
8572 8622
8695 8726
8776 8822
8876 8924
8976 9026
9076 9124
9162 9222
9289 9318
9372 9439
9484 9532
9614 9643
9697 9741
9790 9838
9886 9918
9967 10017
10092 10132
10167 10252
10315 10382
10475 10530
10584 10629
10677 10720
10760 10801
10883 10908
10951 10987
11033 11087
11147 11216
11323 11427
11475 11536
11608 11663
11729 11788
11906 12012
12067 12131
12198 12265
12339 12423
12521 12604
12685 12743
12817 12909
13050 13100
13150