358 450 *
610 675 *
779 825 *
866 970 *
1004 1041 *
1076 1150 *
1200 1250 *
1300 1350 *
1400 1450 *
1500 1550 *
1600 1675 *
1750 1811 *
1874 1974 *
2140 2213 *
2276 2370 *
2474 2544 *
2605 2670
2755 2846
2900 2950
3000 3075
3168 3229 *
3287 3387 *
3475 3549 *
3601 3695 *
3779 3820 *
3876 3941 *
4003 4081
4170 4247 *
4333 4406 *
4498 4542 *
4614 4679 *
4754 4837
4921 4995
5070 5121
5181 5229
5270 5356 *
5429 5554 *
5576 5646 *
5716 5790
5867 5930
6007 6069
6157 6229
6309 6380 *
6456 6569 *
6590 6646 *
6702 6758
6888 6970
7053 7128
7255 7344
7384 7449
7540 7573
7647 7721
7801 7896
7973 8049
8151 8221
8253 8307
8396 8446
8500 8585
8647 8716
8774 8829
8887 8956
9072 9139 *
9183 9245 *
9266 9335 *
9444 9513 *
9581 9644 *
9742 9852 *
10010 10083 *
10169 10267 *
10330 10403
10480 10590
10644 10688
10728 10788
10884 10959
11028 11117
11165 11286
11307 11369
11434 11484
11538 11598
11657 11721
11800 11873
11896 11955
12003 12067
12148 12207
12280 12426 *
12562 12637 *
12693 12757
12828 12905
12991 13068
13147 13211
13278 13358
13462 13537