158 218
291 343
395 433
495 516
571 664
718 760
833 856
912 1001
1060 1120
1168 1202
1243 1289
1307 1342
1394 1442
1500 1530
1552 1596
1652 1717
1792 1888
1973 2023
2069 2154
2223 2310
2385 2448
2497 2545
2601 2662
2721 2763
2834 2852
2896 2962
3035 3129
3154 3227
3283 3356
3422 3524
3543 3622
3654 3685
3745 3798
3871 3894
3948 4012 *
4689 4756
4846 4933 
4987 5042
5117 5202
5285 5358
5402 5464
5535 5620
5696 5771
5817 5873
5927 6002
6069 6162
6291 6321
6404 6443
6468 6512
6566 6618
6683 6710
6758 6843
6898 6948
7013 7035
7083 7166
7231 7269
7341 7362
7412 7464
7527 7601
7652 7697
7766 7783
7835 7893
7938 8008
8098 8219
8339 8389
8448 8508
8556 8633
8695 8791
8808 8883
8936 8990
9056 9131
9254 9283
9350 9393
9464 9531
9591 9649
9747 9770
9830 9873
9946 10033
10127 10150
10223 10294
10370 10427
10524 10566
10620 10714
10783 10863
10935 10992
11073 11106
11167 11231
11323 11418
11485 11562
11629 11693
11753 11803 *
14231 14294
14371 14506
14574 14658
14708 14767
14858 14954
15064 15146
15233 15264
15354 15422
15499 15562
15643 15745
15808 15896
15917 15992
16056 16142
16206 16306
16406 16493
16522 16604
16671 16725
16800 16875
16948 17062
17115 17189
17262 17318
17373 17443
17510 17616
17697 17719
17781 17890
17952 17994
18075 18194
18258 18339
18377 18483
18564 18666
18743 18791
18862 18886
18962 19015
19090 19137
19204 19258
19343 19477
19564 19739
19817 19877
19935 20012
20087 20169
20314 20381
20460 20537
20629 20726
20824 20892
20958 21042
21106 21164
21229 21264
21325 21408
21468 21531
21606 21635
21683 21748
21788 21850
21911 21983
22019 22094
22125 22171
22250 22335
22408 22464
22535 22583
22654 22720
22791 22878
22971 23069